robustness_type,network_name,dataset,relu_transformer,label,data_dir,num_tests,epsilon,patch_size,num_true,num_verified,verified_ratio,num_submatched,total_patches_or_splits,submatched_ratio,is_timeout,processing_time
patches,modified_cifar_relu_4_100.onnx,cifar,symbolic_bfa,,None,100,0.0,2,56,0,0.0,0,100,0.0,False,127.608
